 005|0|2018-12-04 14:33:11.435|005|005|9|C|""|0700|011|Y,1,0,0|0|0|000|36|""|""|东方航空|1|""|65|""|""
 006|0|2018-12-04 13:37:55.723|006|006|9|C|""|0700|011|N,0,0,0|0|0|""|8|""|""|东方航空|0|""|65|""|店内消费天天优惠，周六至周四返2.5%，周五立减5%
 010|1|2018-12-24 17:36:21.107|003|青年卡黑卡|V|C|""|0700,J000,Q000|011,013,014,015,016,017,018,019,021,022,023,024,025,026,027,028,029,031,032,033,034,035,036,037,038,041,042,043,044,045,046,051,052,053,054,055,057,058,059,061,062,063,064,065,066,067,068,071,072,073,074,075,076,077,078,079,081,082,083,084,091,092,093,094,101,102,103,104,105,106,107,108,111,121,131,134,135,136,137,138,139,140,141,142,143,146,147,148,149,151,153,154,155,156,215,219,233,235,237,238,241,242,243,252,299,310,311,312,313,314,315,320,321,329,331,332,337,338,339,345,346,347,349,350,353,354,355,356,357,358,359,363,366,367,368,369,370,371,372,373,374,375,397,398,403,405,406,407,408,409,410,412,415,416,417,418,419,423,424,426,427,428,429,432,433,435,437,438,439,442,448,457,458,459,462,476,491,492,493,495,496,512,515,516,517,519,525,527,539,542,543,546,564,572,573,574,575,576,577,578,582,583,592,593,595,596,597,598,599,612,614,615,616,626,627,628,629,630,640,653,655,658,659,711,714,715,717,718,722,728,729,734,761,999,V12,V16,V17,V18,V19,W63,W66,W67,W68,W69,Z11,Z14,Z15,Z21,Z29,Z32,Z61,Z62,Z66,Z67,Z72,Z91|N,0,0,0|0|0|011,013,014,015,016,017,018,019,021,022,023,024,025,026,027,028,029,031,032,033,034,035,036,037,038,041,042,043,044,045,046,051,052,053,054,055,057,058,059,061,062,063,064,065,066,067,068,071,072,073,074,075,076,077,078,079,081,082,083,084,091,092,093,094,101,102,103,104,105,106,107,108,111,121,131,134,135,136,137,138,139,140,141,142,143,146,147,148,149,151,153,154,155,156,215,219,233,235,237,238,241,242,243,252,299,310,311,312,313,314,315,320,321,329,331,332,337,338,339,345,346,347,349,350,353,354,355,356,357,358,359,363,366,367,368,369,370,371,372,373,374,375,397,398,403,405,406,407,408,409,410,412,415,416,417,418,419,423,424,426,427,428,429,432,433,435,437,438,439,442,448,457,458,459,462,476,491,492,493,495,496,512,515,516,517,519,525,527,539,542,543,546,564,572,573,574,575,576,577,578,582,583,592,593,595,596,597,598,599,612,614,615,616,626,627,628,629,630,640,653,655,658,659,711,714,715,717,718,722,728,729,734,761,999,V12,V16,V17,V18,V19,W63,W66,W67,W68,W69,Z11,Z14,Z15,Z21,Z29,Z32,Z61,Z62,Z66,Z67,Z72,Z91|2|1|1|QN2|1|0|35|青春活力|35岁以下专享，境内人民币取现手续费一律低至5元/笔
 011|0|2018-10-26 14:04:57.173|006|沃尔玛卡|C|C|""|0700|011,013,014,015,016,017,018,019,021,022,023,025,029,031,034,041,051,052,053,054,055,057,058,059,061,062,063,064,065,066,067,068,071,072,073,074,075,076,077,078,079,081,091,094,101,102,104,105,106,108,121,131,134,135,136,138,140,142,148,149,154,156,241,242,243,310,311,312,313,320,337,347,353,355,356,359,366,367,368,369,370,371,372,373,416,423,424,426,428,429,432,437,439,442,448,491,492,493,512,515,516,519,525,527,539,543,564,573,575,583,592,593,596,598,711,715,717,734,V73,W67,W68,Z11,Z14,Z15,Z21,Z29,Z61,Z66,Z67,Z72,Z91|N,0,0,0|0|0|011,013,014,015,016,017,018,019,021,022,023,025,029,031,034,041,051,052,053,054,055,057,058,059,061,062,063,064,065,066,067,068,071,072,073,074,075,076,077,078,079,081,091,094,101,102,104,105,106,108,121,131,134,135,136,138,140,142,148,149,154,156,241,242,243,310,311,312,313,320,337,347,353,355,356,359,366,367,368,369,370,371,372,373,416,423,424,426,428,429,432,437,439,442,448,491,492,493,512,515,516,519,525,527,539,543,564,573,575,583,592,593,596,598,711,715,717,734,W67,W68,Z11,Z14,Z15,Z21,Z29,Z61,Z67,Z72,Z91|8|1|0|WM3|0|0|60|""|店内消费天天优惠，周六至周四返2.5%，周五立减5%
 012|1|2018-12-07 13:29:41.111|006|沃尔玛卡|C|G|""|0700|011,013,014,015,016,017,018,019,021,022,023,025,029,031,034,041,051,052,053,054,055,057,058,059,061,062,063,064,065,066,067,068,071,072,073,074,075,076,077,078,079,081,091,094,101,102,104,105,106,108,121,131,134,135,136,138,140,142,148,149,154,156,241,242,243,310,311,312,313,320,337,347,353,355,356,359,366,367,368,369,370,371,372,373,416,423,424,426,428,429,432,437,439,442,448,491,492,493,512,515,516,519,525,527,539,564,573,575,583,592,593,596,598,711,715,717,734,V73,W67,W68,Z11,Z14,Z15,Z21,Z29,Z61,Z66,Z67,Z72,Z91|N,0,0,0|0|0|011,013,014,015,016,017,018,019,021,022,023,025,029,031,034,041,051,052,053,054,055,057,058,059,061,062,063,064,065,066,067,068,071,072,073,074,075,076,077,078,079,081,091,094,101,102,104,105,106,108,121,131,134,135,136,138,140,142,148,149,154,156,241,242,243,310,311,312,313,320,337,347,353,355,356,359,366,367,368,369,370,371,372,373,416,423,424,426,428,429,432,437,439,442,448,491,492,493,512,515,516,519,525,527,539,564,573,575,583,592,593,596,598,711,715,717,734,W67,W68,Z11,Z14,Z15,Z21,Z29,Z61,Z67,Z72,Z91|8|1|0|WM2|1|0|60|""|店内消费天天优惠，周六至周四返2.5%，周五立减5%
 022|1|2018-12-04 13:37:55.723|007|苏宁卡|V|G|""|0700|000|N,0,0,0|0|0|000|13|1|""|SN4|1|0|60|商超购物|会员专享活动
 026|1|2018-12-07 13:29:41.111|007|苏宁卡|C|C|""|0700,J000,Q000|000|Y,1,0,0|0|0|000|13|1|1|SN7|1|0|60|商超购物|会员专享活动
 027|1|2018-12-07 13:29:41.111|007|苏宁卡|C|G|""|0700,J000,Q000|000|Y,1,0,0|0|0|000|13|1|1|SN6|1|0|60|商超购物|会员专享活动
 045|0|2018-12-04 13:37:55.723|031|校园卡|9|C|""|0700|011|N,0,0,0|0|0|011|60|""|""|校园卡|""|""|65|""|""
 100|1|2018-12-07 13:29:41.111|001|标准卡|C|C|""|0700,J000,Q000|000|Y,1,0,0|1|1|000|6|1|1|S00|1|0|60|凤凰鲤鱼|每周五超市、加油乐享5%
 102|1|2018-12-07 13:29:41.111|017|易初莲花|C|C|""|J000,Q000,0700|000|N,0,0,0|0|0|000|12|1|1|YC1|1|0|60|商超购物|二卡合一
 103|1|2018-12-07 13:29:41.111|017|易初莲花|C|G|""|J000,Q000,0700|000|N,0,0,0|0|0|000|12|1|1|YC0|1|0|60|商超购物|二卡合一
 117|1|2018-12-07 13:29:41.111|016|永达汽车|C|C|""|J000,Q000,0700|011,013,015,016,018,019,025,062,072,091,092,102,111,121,137,146,148,310,311,312,313,315,329,366,405,462,564,W66,Z11,Z15,Z72,Z91|N,0,0,0|0|0|000|33|1|1|YD3|1|0|60|特色主题|汽车服务专享优惠
 118|1|2018-12-07 13:29:41.111|016|永达汽车|C|G|""|J000,Q000,0700|011,013,015,016,018,019,025,062,072,091,092,102,111,121,137,146,148,310,311,312,313,315,329,366,405,462,564,W66,Z11,Z15,Z72,Z91|N,0,0,0|0|0|000|33|1|1|YD2|1|0|60|特色主题|汽车服务专享优惠
 133|1|2018-12-07 13:29:41.111|018|锦江之星|C|C|""|J000,Q000,0700|000|N,0,0,0|0|0|000|28|1|1|JJ1|1|0|60|商务旅行|二卡合一
 135|1|2018-12-07 13:29:41.111|018|锦江之星|C|G|""|J000,Q000,0700|000|N,0,0,0|0|0|000|28|1|1|JJ0|1|0|60|商务旅行|二卡合一
 177|1|2018-10-26 14:04:57.173|026|自邮一族|C|C|01,03|0700|071|N,0,0,0|0|0|""|42|""|""|CNA|""|""|65|""|""
 178|1|2018-10-26 14:04:57.173|026|自邮一族|C|G|01,03|0700|071|N,0,0,0|0|0|""|42|""|""|CBA|""|""|65|""|""
 193|1|2018-12-07 13:29:41.111|055|Tesco|C|C|""|J000,Q000,0700|011,013,014,015,016,017,018,025,031,032,033,038,041,042,043,044,071,072,079,091,121,131,137,219,299,310,313,315,339,346,355,371,373,Z11,Z14,Z15,Z32,Z72,Z91|N,0,0,0|0|0|000|11|1|1|LG1|1|0|60|商务旅行|店内消费1元积3交行积分店内消费1元积3交行积分
 194|1|2018-12-07 13:29:41.111|055|Tesco|C|G|""|J000,Q000,0700|011,013,014,015,016,017,018,025,031,032,033,038,041,042,043,044,071,072,079,091,121,131,137,219,299,310,313,315,339,346,355,371,373,Z11,Z14,Z15,Z32,Z72,Z91|N,0,0,0|0|0|000|11|1|1|LG0|1|0|60|商务旅行|店内消费1元积3交行积分店内消费1元积3交行积分
 199|1|2018-12-24 10:37:53.701|003|Y-POWER信用卡|C|C|""|0700|000|N,0,0,0|1|1|000|2|1|1|QN4,QN5,RDA,GDA,TJ2,TJ4,TJ5,ZTA|0|0|35|青春活力|35岁以下专享，境内人民币取现手续费一律低至5元/笔
 200|1|2018-12-07 13:29:41.111|001|标准卡|C|G|""|J000,Q000,0700|000|Y,1,0,0|1|1|000|6|1|1|G00|1|0|60|凤凰鲤鱼|每周五超市、加油乐享5%
 269|1|2018-12-07 13:29:41.111|048|利群|C|C|""|J000,Q000,0700|046,101,103,105,106,375,406|N,0,0,0|0|0|000|14|1|1|LQ1|1|0|60|商超购物|店内双倍积分
 270|1|2018-12-07 13:29:41.111|048|利群|C|G|""|J000,Q000,0700|046,101,103,105,106,375,406|N,0,0,0|0|0|000|14|1|1|LQ0|1|0|60|商超购物|店内双倍积分
 456|0|2018-12-07 13:29:41.111|456|哗啦哗啦卡|9|C|""|""|000|N,0,0,0|0|0|000|65|""|""|小魔仙|1|""|65|""|""
 522|1|2018-10-26 14:04:57.173|064|银联BOSS信用卡金卡|C|G|""|TG00|V12,V16,V17,V18,V19,Z62|N,0,0,0|0|0|""|35|1|1|JY0|0|0|60|特色主题|""
 523|1|2018-12-07 13:29:41.111|065|平和堂信用卡|C|C|""|J000,Q000,0700|064,432|N,0,0,0|0|0|000|16|1|1|PH1|1|0|60|商超购物|专享折扣
 524|1|2018-12-07 13:29:41.111|065|平和堂信用卡|C|G|""|J000,Q000,0700|064,432|N,0,0,0|0|0|000|16|1|1|PH0|1|0|60|商超购物|专享折扣
 534|1|2018-12-07 13:29:41.111|066|蓉城信用卡|C|C|""|J000,Q000,0700|053|N,0,0,0|1|1|053|34|1|1|RCB|1|0|60|特色主题|每周五超市、加油乐享5%
 535|1|2018-12-07 13:29:41.111|066|蓉城信用卡|C|G|""|J000,Q000,0700|053|N,0,0,0|1|1|053|34|1|1|RCA|1|0|60|特色主题|每周五超市、加油乐享5%
 543|1|2018-12-07 13:29:41.111|067|金鹰信用卡|C|C|""|J000,Q000,0700|011,013,014,016,021,022,023,026,059,081,310,314,329,345,397,398,574,Z14,Z21|N,0,0,0|0|0|000|15|1|1|JI1|1|0|60|""|店内双倍积分
 544|1|2018-12-07 13:29:41.111|067|金鹰信用卡|C|G|""|J000,Q000,0700|011,013,014,016,021,022,023,026,059,081,310,314,329,345,397,398,574,Z14,Z21|N,0,0,0|0|0|000|15|1|1|JI0|1|0|60|""|店内双倍积分
 555|1|2018-10-26 14:04:57.173|555|佛山东方|C|C|""|""|000|N,0,0,0|0|0|000|59|1|1|GFD|1|0|60|""|""
 764|1|2018-12-07 13:29:41.111|074|华润苏果|C|G|""|J000,Q000,0700|016,021,022,023,024,025,026,027,028,061,310,314,321,329,345,346,347,350,397,398,426,572,573,575,578,Z21,Z61|N,0,0,0|0|0|000|10|1|1|SGA|1|0|60|商超购物|店内消费1元积3交行积分
 765|1|2018-12-07 13:29:41.111|074|华润苏果|C|C|""|J000,Q000,0700|016,021,022,023,024,025,026,027,028,061,310,314,321,329,345,346,347,350,397,398,426,572,573,575,578,Z21,Z61|N,0,0,0|0|0|000|10|1|1|SGB|1|0|60|商超购物|店内消费1元积3交行积分
 770|1|2018-12-07 13:29:41.111|075|华润万家|C|G|""|J000,Q000,0700|014,015,017,018,019,029,031,032,035,038,041,042,044,046,051,053,057,059,062,064,066,071,072,075,076,078,079,081,082,083,091,092,093,101,104,108,121,131,137,141,151,215,312,313,315,320,337,339,355,359,363,368,369,371,373,432,435,448,457,491,492,493,614,615,616,629,630,640,714,761,V73,W63,W68,Z14,Z15,Z29,Z32,Z66,Z72,Z91|N,0,0,0|0|0|000|9|1|1|HRA|1|0|60|商超购物|店内消费1元积3交行积分
 771|1|2018-12-07 13:29:41.111|075|华润万家|C|C|""|J000,Q000,0700|014,015,017,018,019,029,031,032,035,038,041,042,044,046,051,053,057,059,062,064,066,071,072,075,076,078,079,081,082,083,091,092,093,101,104,108,121,131,137,141,151,215,312,313,315,320,337,339,355,359,363,368,369,371,373,432,435,448,457,491,492,493,614,615,616,629,630,640,714,761,V73,W63,W68,Z14,Z15,Z29,Z32,Z66,Z72,Z91|N,0,0,0|0|0|000|9|1|1|HRB|1|0|60|商超购物|店内消费1元积3交行积分
 783|1|2018-12-07 13:29:41.111|078|国航凤凰知音|C|C|""|J000,Q000,0700|000|Y,1,0,0|1|1|000|27|0|1|GHB|1|0|60|商务旅行|二卡合一
 785|1|2018-12-07 13:29:41.111|078|国航凤凰知音|C|G|""|J000,Q000,0700|000|Y,1,0,0|1|1|000|27|0|1|GHA|1|0|60|商务旅行|二卡合一
 808|1|2018-12-17 09:46:20.091|081|永旺卡|C|G|""|0700,J000,Q000|014,017,046,071,075,091,101,108,121,135,310,371,373,491|N,0,0,0|0|0|""|66|1|1|YWA|1|0|60|""|""
 827|1|2018-12-07 13:29:41.111|082|爱奇艺悦享卡|C|G|""|J000,Q000,0700|000|N,0,0,0|0|0|000|19|1|1|IQA|1|0|60|游戏视频|首年免年费，爱奇艺VIP会员享不停
 830|1|2018-12-07 13:29:41.111|083|爱奇艺轻奢卡|C|G|""|J000,Q000,0700|000|N,0,0,0|0|0|000|18|1|1|IQB|1|0|60|游戏视频|首年免年费，爱奇艺VIP会员享不停
 833|1|2018-12-07 13:29:41.111|085|优酷联名卡|C|G|""|J000,Q000,0700|000|N,0,0,0|0|0|000|20|1|1|YKA|1|0|60|游戏视频|首年免年费，优酷VIP会员享不停
 846|1|2018-12-07 13:29:41.111|088|银联租租车信用卡金卡|C|G|""|J000,Q000,0700|000|N,0,0,0|0|1|000|29|1|1|ZCA|1|0|60|商务旅行|100元租车立减优惠券
 852|1|2018-10-26 14:04:57.173|089|Y-POWER信用卡（校园版）|C|C|""|0700|000|N,0,0,0|0|0|""|5|1|1|GDE,QNA|0|1|35|青春活力|在校期间免年费，免境内溢存款取现及转账手续费
 867|1|2018-10-26 14:04:57.173|091|校园白|C|C|""|0700,J000,Q000|000|N,0,0,0|0|0|""|4|1|1|QNB|0|1|35|青春活力|在校期间免年费，免境内溢存款取现及转账手续费
 876|1|2018-12-07 13:29:41.111|092|天涯明月刀卡|C|G|""|0700|000|N,0,0,0|0|0|000|24|1|1|TYA,TYB,TYC|0|0|35|游戏视频|炫酷多卡面
 879|1|2018-12-07 13:29:41.111|095|太平洋悦动人生信用卡|C|G|""|J000,Q000,0700|011,014,015,016,021,023,025,026,027,028,031,046,053,061,062,068,071,078,081,083,091,104,106,131,310,321,Z14,Z15|Y,1,0,0|0|0|""|30|1|1|RYA|1|0|60|商务旅行|首年免年费，健康保险享不停
 888|1|2018-12-07 13:29:41.111|097|连卡福卡|C|G|""|J000,Q000,0700|438|N,0,0,0|0|0|""|17|1|1|LKA|1|0|60|商超购物|会员权益
 894|1|2018-12-07 13:29:41.111|099|中铁卡|C|C|""|J000,Q000,0700|000|Y,1,0,0|0|0|000|25|1|1|ZTB|1|0|60|商务旅行|每周五购票得5倍积分
 897|1|2018-12-07 13:29:41.111|099|中铁卡|C|G|""|J000,Q000,0700|000|Y,1,0,0|0|0|000|25|1|1|ZTA|1|0|60|商务旅行|每周五购票得5倍积分
 915|1|2018-12-24 10:37:53.701|103|瑞华保险信用卡|C|G|""|0700|017,021,081,131,Z21,329,418,612,714,615,614,616,315,338,339,627|Y,1,0,0|0|0|""|62|1|1|RHA|0|0|60|""|""
 941|1|2018-12-07 13:29:41.111|110|银联择天记手游信用卡金卡|C|G|""|J000,Q000,0700|000|N,0,0,0|0|0|""|23|1|1|TJ1,TJ2|0|0|35|游戏视频|主题卡面随心选
 943|1|2018-12-07 13:29:41.111|111|银联择天记手游青年卡普卡|C|C|""|J000,Q000,0700|000|N,0,0,0|0|0|""|22|1|1|TJ4,TJ5|0|0|35|游戏视频|主题卡面随心选
 948|1|2018-12-07 13:29:41.111|113|蜀门手游青年卡|C|C|""|0700|000|N,0,0,0|0|0|""|21|1|1|BG0,BG1,DH0,DH1,GHA,GHB,HK2,HK3,KDC,SM1,SM2,SM3,SM4,SM5,TJ1,TJ2,TJ4,TJ5,YD2,YEC|0|0|35|游戏视频|炫酷多卡面，任您挑选
 957|1|2018-12-17 09:46:20.091|106|优逸卡|C|P|""|0700,J000,Q000|000|N,0,0,0|1|1|000|1|1|0|YEC|0|0|35|青春活力|首年免年费,刷6笔免次年年费/5积分兑换Kindle电子书阅读器等豪礼
 966|1|2018-12-07 13:29:41.111|117|无锡城市生活卡|C|G|""|J000,Q000,0700|015,Z15|N,0,0,0|0|0|""|31|1|1|WXA|1|0|60|特色主题|电子现金圈存
 980|1|2018-12-17 09:46:20.091|121|Kindle卡|C|P|""|0700|000|N,0,0,0|0|1|000|3|1|0|KDC|1|0|35|青春活力|首年免年费
 991|1|2018-10-26 14:04:57.173|001|标准卡|C|Q|""|ZDJK|000|N,0,0,0|""|""|""|6|""|""|""|""|""|65|凤凰鲤鱼|每周五超市、加油乐享5%
 999|0|2018-12-24 17:36:21.107|026|呀呀呀|9|C|01|X000,ZDJK|014,016|N,0,0,0|0|0|000|42|""|0|NBA|1|""|65|""|""
 A13|1|2018-12-07 13:29:41.111|128|海购节卡|C|G|""|0700|111,462|N,0,0,0|0|0|""|7|1|1|HNA|1|0|60|时尚白领|店内消费1元积3交行积分
 A16|1|2018-10-26 14:04:57.173|125|bilibili|C|C|""|0700,J000,Q000|000|N,0,0,0|0|0|""|56|1|1|BB1,BB5|1|0|35|""|""
 A19|1|2018-12-07 13:29:41.111|126|bilibili校园版|C|C|""|0700,J000,Q000|000|N,0,0,0|0|0|""|55|1|1|BB3,BB6|1|1|35|""|""
 A24|1|2018-12-17 09:46:20.091|129|魔都优逸卡|C|P|""|0700,J000,Q000|011,Z11|N,0,0,0|0|0|""|58|1|0|MDA|0|0|35|特色主题|魔都主题卡
 A27|1|2018-12-24 10:37:53.701|130|重庆火锅卡|C|G|""|0700|051|N,0,0,0|0|0|""|61|1|1|CQA|1|0|60|""|""
